%YAML:1.0
---
aruco_bc_dict: ARUCO_MIP_36h12
aruco_bc_nmarkers: 6
aruco_bc_mInfoType: 1
aruco_bc_markers:
   - { id:7, corners:[ [ -2.8899999335408211e-02, 2.8899999335408211e-02,
       0. ], [ 2.8899999335408211e-02, 2.8899999335408211e-02, 0. ], [
       2.8899999335408211e-02, -2.8899999335408211e-02, 0. ], [
       -2.8899999335408211e-02, -2.8899999335408211e-02, 0. ] ] }
   - { id:14, corners:[ [ 7.6183624565601349e-02,
       -5.6766062974929810e-02, -8.2740396261215210e-02 ], [
       1.8472246825695038e-02, -5.9552423655986786e-02,
       -8.4312953054904938e-02 ], [ 1.6904741525650024e-02,
       -5.9694945812225342e-02, -2.6534387841820717e-02 ], [
       7.4616119265556335e-02, -5.6908585131168365e-02,
       -2.4961831048130989e-02 ] ] }
   - { id:15, corners:[ [ 1.1374453082680702e-02, 5.4150365293025970e-02,
       -8.9599445462226868e-02 ], [ 6.9065958261489868e-02,
       5.7494156062602997e-02, -8.8437825441360474e-02 ], [
       6.7939929664134979e-02, 5.6847505271434784e-02,
       -3.0652418732643127e-02 ], [ 1.0248424485325813e-02,
       5.3503714501857758e-02, -3.1814035028219223e-02 ] ] }
   - { id:17, corners:[ [ 6.3207626342773438e-02, 2.4898905307054520e-02,
       -2.8026692569255829e-02 ], [ 6.2885455787181854e-02,
       2.9909431934356689e-02, -8.5608206689357758e-02 ], [
       6.5502926707267761e-02, -2.7612637728452682e-02,
       -9.0628206729888916e-02 ], [ 6.5825097262859344e-02,
       -3.2623164355754852e-02, -3.3046692609786987e-02 ] ] }
   - { id:22, corners:[ [ -2.8209464624524117e-02,
       2.1021341904997826e-02, -1.1090410500764847e-01 ], [
       -2.5519510731101036e-02, -3.6710981279611588e-02,
       -1.1166731268167496e-01 ], [ 3.2187886536121368e-02,
       -3.3998042345046997e-02, -1.1349376291036606e-01 ], [
       2.9497934505343437e-02, 2.3734280839562416e-02,
       -1.1273055523633957e-01 ] ] }
   - { id:23, corners:[ [ -5.8249674737453461e-02,
       2.0829545333981514e-02, -8.2732826471328735e-02 ], [
       -5.7741805911064148e-02, 2.1387157961726189e-02,
       -2.4937747046351433e-02 ], [ -5.4300107061862946e-02,
       -3.6307878792285919e-02, -2.4411344900727272e-02 ], [
       -5.4807975888252258e-02, -3.6865491420030594e-02,
       -8.2206420600414276e-02 ] ] }
