%YAML:1.0
---
aruco_bc_dict: ARUCO_MIP_36h12
aruco_bc_nmarkers: 6
aruco_bc_mInfoType: 1
aruco_bc_markers:
   - { id:8, corners:[ [ -2.8899999335408211e-02, 2.8899999335408211e-02,
       0. ], [ 2.8899999335408211e-02, 2.8899999335408211e-02, 0. ], [
       2.8899999335408211e-02, -2.8899999335408211e-02, 0. ], [
       -2.8899999335408211e-02, -2.8899999335408211e-02, 0. ] ] }
   - { id:10, corners:[ [ 5.9739723801612854e-02, 2.4676566943526268e-02,
       -8.2678303122520447e-02 ], [ 6.1444979161024094e-02,
       -3.3091079443693161e-02, -8.1766858696937561e-02 ], [
       6.2895059585571289e-02, -3.2136727124452591e-02,
       -2.3992931470274925e-02 ], [ 6.1189804226160049e-02,
       2.5630919262766838e-02, -2.4904379621148109e-02 ] ] }
   - { id:16, corners:[ [ 7.5166106224060059e-02,
       -5.8744478970766068e-02, -3.3901613205671310e-02 ], [
       7.3003917932510376e-02, -5.7510092854499817e-02,
       -9.1647967696189880e-02 ], [ 1.5289736911654472e-02,
       -5.5266518145799637e-02, -8.9439019560813904e-02 ], [
       1.7451925203204155e-02, -5.6500904262065887e-02,
       -3.1692672520875931e-02 ] ] }
   - { id:20, corners:[ [ -6.3272364437580109e-02,
       -3.4931063652038574e-02, -2.9606390744447708e-02 ], [
       -6.5009452402591705e-02, -2.3648554459214211e-02,
       -8.6267903447151184e-02 ], [ -6.4667262136936188e-02,
       3.3039584755897522e-02, -7.4990585446357727e-02 ], [
       -6.2930174171924591e-02, 2.1757075563073158e-02,
       -1.8329072743654251e-02 ] ] }
   - { id:21, corners:[ [ 7.4199676513671875e-02, 5.5239200592041016e-02,
       -2.6000240817666054e-02 ], [ 1.6478931531310081e-02,
       5.8041952550411224e-02, -2.4860003963112831e-02 ], [
       1.5396336093544960e-02, 5.9251956641674042e-02,
       -8.2637198269367218e-02 ], [ 7.3117077350616455e-02,
       5.6449204683303833e-02, -8.3777435123920441e-02 ] ] }
   - { id:24, corners:[ [ -2.8279723599553108e-02,
       3.3962838351726532e-02, -1.1275945603847504e-01 ], [
       -2.9385576024651527e-02, -2.3763589560985565e-02,
       -1.1545695364475250e-01 ], [ 2.8235757723450661e-02,
       -2.4659398943185806e-02, -1.1990882456302643e-01 ], [
       2.9341610148549080e-02, 3.3067028969526291e-02,
       -1.1721132695674896e-01 ] ] }
